1
10
100
1000
10000
10001
10002
10003
10004
10005
10006
10007
1001
10010
10011
10012
10013
10014
10015
10016
10017
10018
10019
1002
10020
10022
10023
10025
10026
10027
10028
10029
1003
10030
10031
10032
10033
10034
10035
10036
10037
10038
10039
10040
10041
10042
10043
10045
10047
10049
1005
10050
10051
10053
10054
10055
10058
10059
10060
10061
10062
10063
10064
10065
10066
10067
10068
10069
1007
10070
10071
10072
10073
10074
10075
10076
10077
10078
1008
10080
10081
10082
10083
10084
10085
10086
10088
10089
1009
10090
10091
10092
10093
10094
10095
10097
10098
101
1010
10100
10101
10102
10103
10104
10105
10106
10107
10108
10109
1011
10110
10111
10112
10114
10115
10116
10118
10119
1012
10120
10121
10122
10123
10124
10125
10126
10128
10129
1013
10130
10132
10133
10134
10135
10137
10138
10139
1014
10141
10142
10143
10144
10145
10146
10147
10148
10149
1015
10150
10151
10152
10153
10154
10155
10156
10157
10158
10159
10160
10162
10163
10164
10165
10166
10167
10168
10170
10171
10172
10173
10175
10176
10177
10179
1018
10180
10181
10182
10183
10184
10185
10186
10187
10188
10189
1019
10190
10191
10192
10193
10194
10195
10196
10197
10198
102
1020
10200
10201
10202
10203
10205
10206
10207
10208
1021
10210
10211
10212
10213
10214
10215
10217
10218
10220
10221
10223
10224
10225
10226
10227
10228
10229
1023
10231
10232
10234
10235
10236
10237
10238
10239
1024
10240
10241
10242
10243
10244
10245
10246
10247
10248
10249
1025
10250
10251
10252
10253
10254
10255
10256
10257
10258
10259
1026
10260
10261
10262
10263
10264
10265
10266
10267
10268
10269
1027
10270
10271
10272
10274
10275
10277
10278
10279
1028
10280
10281
10283
10285
10287
10288
10289
1029
10290
10291
10292
10293
10295
10296
10297
10298
10299
103
10300
10301
10302
10303
10304
10305
10306
10307
10308
10309
1031
1032
1033
1034
1035
1036
1037
1038
1039
104
1040
1041
1042
1043
1044
1045
1046
1047
1048
105
1050
1051
1052
1053
1054
1055
1056
1057
1058
1059
106
1060
1061
1062
1063
1064
1065
1066
1067
1068
1069
107
1071
1072
1074
1075
1076
1077
1078
1079
108
1080
1081
1082
1084
1085
1086
1087
1088
1089
1090
1092
1093
1094
1095
1096
1098
1099
11
110
1100
1101
1102
1103
1104
1105
1107
1109
111
1110
1111
1112
1113
1114
1115
1116
1117
1119
112
1120
1121
1122
1123
1124
1125
1126
1127
1128
1129
113
1130
1131
1132
1133
1134
1135
1136
1137
114
1140
1141
1142
1143
1144
1145
1146
1147
1148
1149
115
1150
1151
1153
1154
1155
1156
1157
1158
1159
116
1160
1161
1162
1163
1164
1165
1166
1167
1168
1169
117
1171
1172
1173
1174
1176
1177
1178
1179
118
1180
1181
1182
1184
1185
1186
1187
1188
1189
119
1190
1191
1192
1193
1195
1196
1197
1198
1199
12
120
1200
1201
1202
1203
1204
1205
1206
1207
1208
1209
121
1210
1212
1213
1214
1215
1216
1217
1218
1219
122
1220
1221
1223
1225
1226
1227
1228
1229
123
1230
1231
1232
1233
1234
1235
1236
1237
1238
1239
124
1240
1241
1242
1243
1244
1246
1247
1249
125
1250
1251
1252
1253
1255
1256
1257
1258
1259
126
1260
1261
1262
1263
1264
1265
1267
1268
1269
127
1270
1271
1272
1274
1275
1277
1278
1279
128
1280
1281
1282
1283
1284
1285
1286
1287
1288
1289
129
1290
1291
1292
1293
1294
1295
1296
1297
1298
1299
13
130
1300
1301
1302
1303
1305
1306
1307
1308
1309
131
1310
1311
1312
1313
1314
1316
1317
1318
1319
1320
1321
1322
1323
1324
1325
1326
1327
1328
1329
133
1330
1331
1332
1333
1334
1335
1336
1337
1338
1339
134
1340
1341
1342
1343
1344
1345
1346
1347
1348
1349
135
1350
1351
1352
1353
1354
1355
1356
1357
1358
1359
136
1360
1362
1363
1364
1365
1366
1367
1368
1369
137
1370
1371
1372
1373
1374
1375
1376
1377
1378
1379
138
1382
1384
1385
1386
1387
1389
139
1390
1391
1392
1394
1395
1396
1397
1398
1399
14
140
1400
1401
1402
1403
1404
1405
1406
1407
1408
1409
141
1410
1412
1413
1414
1415
1416
1419
142
1420
1421
1422
1424
1425
1426
1427
1428
1429
143
1430
1431
1432
1433
1434
1435
1436
1437
1438
1439
144
1440
1441
1442
1443
1445
1447
1448
1449
145
1450
1451
1452
1453
1454
1455
1457
1458
1460
1461
1462
1463
1464
1465
1466
147
1470
1471
1472
1473
1474
1475
1476
1477
1478
1479
148
1480
1481
1482
1483
1484
1485
1486
1487
1488
1489
149
1490
1491
1492
1493
1494
1497
1498
1499
15
1500
1501
1502
1503
1504
1506
1507
1508
1509
1510
1511
1512
1513
1514
1515
1516
1517
1518
1520
1521
1522
1523
1524
1525
1526
1528
1529
153
1530
1531
1532
1534
1535
1536
1537
1538
1539
1540
1541
1542
1543
1545
1546
1547
1548
155
1550
1551
1552
1553
1556
1557
1558
1559
156
1560
1561
1562
1563
1564
1565
1566
1567
1568
1569
157
1571
1572
1573
1574
1575
1576
1577
1578
1579
158
1580
1581
1582
1584
1585
1586
1587
1588
1589
159
1590
1591
1592
1594
1595
1596
16
160
1600
1601
1602
1603
1604
1605
1606
1607
1609
161
1610
1611
1612
1613
1614
1616
1617
1618
1619
162
1620
1621
1622
1623
1624
1625
1626
1628
1629
163
1630
1631
1632
1633
1634
1636
1637
1638
1639
164
1640
1641
1642
1643
1644
1645
1646
1648
1649
165
1650
1651
1652
1653
1654
1656
1657
1658
1659
166
1660
1661
1662
1663
1664
1665
1666
1667
1668
1669
167
1672
1674
1675
1676
1677
1678
1679
168
1680
1681
1682
1683
1684
1685
1686
1687
1689
169
1690
1691
1693
1694
1695
1697
1698
1699
17
1700
1701
1702
1704
1705
1707
1708
1709
171
1710
1711
1712
1714
1715
1716
1717
1718
1719
172
1720
1721
1722
1723
1724
1725
1726
1727
1728
1729
173
1731
1733
1734
1735
1736
1737
1738
1739
174
1740
1741
1742
1744
1745
1746
1747
1748
175
1750
1751
1752
1753
1754
1755
1756
1757
1758
176
1760
1762
1763
1764
1765
1766
1767
1768
1769
177
1770
1771
1772
1773
1774
1775
1776
1778
1779
178
1780
1781
1782
1783
1784
1785
1786
1787
1788
1789
179
1790
1791
1792
1793
1794
1795
1796
1797
1799
18
180
1800
1801
1802
1804
1805
1806
1807
1808
1809
181
1810
1812
1813
1814
1815
1816
1817
1818
1819
182
1820
1822
1823
1825
1826
1827
1829
183
1830
1832
1833
1834
1835
1837
1838
1839
184
1840
1841
1842
1843
1844
1845
1846
1847
1849
185
1850
1851
1852
1853
1854
1855
1856
1857
1858
1859
186
1860
1861
1862
1863
1864
1866
1867
1868
1869
1870
1871
1872
1873
1874
1875
1876
1877
1878
1879
188
1881
1882
1883
1884
1885
1887
1888
1889
189
1890
1891
1893
1894
1895
1896
1897
1898
1899
19
190
1900
1901
1902
1903
1904
1905
1906
1907
1908
1909
191
1910
1911
1912
1913
1915
1916
1917
1918
1919
192
1920
1922
1923
1924
1925
1926
1927
1928
1929
193
1930
1931
1932
1933
1934
1935
1936
1937
1938
1939
194
1940
1941
1942
1943
1944
1945
1947
1948
195
1950
1951
1952
1953
1955
1956
1957
1958
1960
1961
1962
1963
1964
1965
1966
1967
1968
1969
197
1970
1971
1972
1973
1975
1976
1977
1978
1979
198
1980
1981
1982
1983
1986
1987
1988
199
1990
1991
1992
1993
1994
1995
1996
1997
1998
1999
2
20
200
2000
2001
2002
2003
2004
2005
2006
2007
2009
201
2010
2011
2012
2013
2014
2015
2016
2017
2018
202
2020
2021
2022
2023
2024
2025
2027
2029
203
2030
2032
2034
2035
2036
2037
2038
2039
204
2040
2041
2042
2043
2044
2046
2047
2048
2049
205
2050
2051
2052
2053
2054
2055
2056
2057
2058
2059
206
2060
2061
2062
2063
2064
2065
2066
2067
2068
2070
2071
2072
2074
2075
2076
2077
2078
208
2080
2081
2082
2083
2084
2085
2086
2087
2088
2089
209
2090
2091
2092
2093
2094
2095
2096
2097
2098
2099
2100
2101
2102
2103
2104
2105
2106
2107
2108
2109
2110
2111
2112
2113
2114
2115
2116
2117
2118
2119
2120
2121
2122
2123
2124
2125
2126
2127
2128
2129
2130
2131
2132
2134
2135
2136
2137
2138
2139
214
2140
2141
2142
2143
2144
2146
2147
2149
215
2150
2151
2152
2153
2154
2155
2157
2158
2159
216
2160
2161
2163
2165
2166
2167
2168
2169
217
2170
2171
2172
2173
2174
2175
2177
2178
2179
2180
2181
2182
2183
2185
2187
2188
2190
2191
2192
2193
2194
2196
2197
2198
2199
22
220
2200
2201
2202
2203
2204
2205
2207
2208
2209
221
2210
2211
2212
2213
2214
2216
2217
2218
2219
222
2222
2223
2224
2225
2226
2227
2228
223
2230
2231
2232
2233
2234
2236
2237
2238
2239
224
2241
2242
2243
2244
2245
2246
2247
2248
2249
225
2250
2251
2252
2253
2254
2255
2256
2258
2259
226
2260
2261
2262
2263
2264
2265
2266
2267
2268
2269
227
2270
2271
2272
2273
2274
2275
2276
2278
2279
228
2280
2281
2282
2283
2284
2286
2288
2289
229
2290
2291
2292
2293
2294
2295
2296
2297
2298
2299
23
230
2301
2302
2303
2304
2305
2306
2307
2309
231
2310
2311
2312
2313
2314
2315
2317
2318
2319
232
2320
2321
2322
2323
2324
2325
2326
2327
2328
2329
233
2330
2331
2332
2333
2334
2335
2336
2337
2338
2339
234
2341
2342
2343
2344
2345
2346
2348
2349
235
2350
2351
2352
2353
2354
2355
2356
2357
2358
2359
236
2360
2361
2362
2364
2365
2366
2368
2369
237
2370
2371
2372
2373
2374
2375
2376
2378
238
2380
2381
2382
2383
2384
2385
2386
2387
2388
2389
239
2390
2391
2392
2393
2394
2395
2396
2397
2398
2399
24
2400
2401
2402
2403
2404
2405
2406
2407
2408
2409
241
2410
2411
2412
2413
2414
2415
2416
2417
2418
2419
2420
2421
2422
2423
2424
2425
2426
2427
2428
2429
243
2430
2431
2432
2433
2434
2435
2436
2437
2438
2439
244
2440
2441
2442
2443
2444
2445
2446
2447
2448
2449
2450
2452
2453
2454
2455
2456
2457
2458
2459
246
2460
2461
2462
2464
2465
2466
2467
2468
247
2471
2472
2473
2474
2475
2476
2477
2478
2479
248
2480
2481
2482
2483
2484
2485
2486
2487
2488
2489
249
2490
2491
2492
2493
2494
2495
2496
2497
2498
2499
2500
2502
2503
2504
2505
2506
2507
2508
2509
251
2510
2511
2512
2513
2514
2517
2518
2519
252
2521
2522
2523
2524
2525
2526
2527
2528
2529
253
2530
2531
2532
2533
2534
2535
2536
2537
2538
2539
254
2540
2541
2542
2544
2545
2546
2547
2548
255
2550
2551
2552
2553
2554
2556
2557
2558
2559
256
2560
2561
2563
2564
2565
2566
2567
2568
2569
257
2570
2571
2572
2573
2574
2575
2576
2577
2578
2579
258
2580
2581
2582
2583
2584
2585
2586
2587
2588
2589
259
2590
2591
2592
2593
2594
2595
2596
2597
2598
26
260
2600
2601
2602
2603
2604
2605
2606
2607
2609
261
2611
2612
2613
2614
2615
2616
2618
2619
262
2620
2621
2622
2623
2624
2625
2626
2627
2628
2629
263
2630
2631
2633
2634
2635
2636
2637
2638
2639
264
2640
2641
2642
2643
2644
2645
2646
2647
2648
2649
265
2650
2651
2652
2653
2656
2657
2658
2659
266
2660
2661
2663
2664
2665
2666
2667
2668
2669
267
2670
2671
2672
2673
2675
2676
2677
2678
2679
268
2680
2681
2684
2685
2686
2687
2688
269
2690
2691
2692
2693
2694
2695
2696
2698
2699
27
270
2700
2701
2702
2703
2704
2705
2706
2707
2708
2709
2710
2711
2712
2714
2715
2716
2719
272
2720
2721
2722
2723
2724
2725
2726
2727
2728
2729
273
2730
2731
2732
2733
2735
2736
2737
2738
2739
274
2740
2741
2742
2743
2744
2745
2746
2748
2749
275
2750
2751
2752
2753
2754
2755
2756
2758
2759
276
2760
2761
2762
2763
2765
2766
2767
2768
2769
2770
2771
2772
2773
2774
2775
2776
2777
2778
2779
278
2780
2782
2783
2784
2785
2786
2787
2788
2789
279
2790
2791
2792
2793
2794
2795
2796
2797
2798
2799
28
280
2800
2801
2802
2803
2804
2805
2806
2807
2808
2809
2810
2811
2812
2813
2814
2815
2816
2817
2818
2819
282
2820
2821
2822
2823
2824
2825
2826
2827
2828
2829
283
2830
2831
2832
2833
2834
2835
2836
2837
2838
2839
284
2840
2841
2842
2843
2844
2845
2846
2847
2848
2849
285
2850
2851
2852
2853
2854
2856
2857
2858
2859
286
2861
2862
2863
2864
2866
2867
2868
2869
287
2870
2871
2872
2873
2874
2875
2876
2877
2879
288
2880
2881
2882
2883
2884
2886
2887
2888
2889
289
2890
2891
2892
2894
2895
2896
2897
2898
2899
29
290
2900
2901
2902
2903
2904
2906
2907
2908
2909
291
2910
2911
2912
2913
2914
2915
2916
2917
2918
2919
2920
2921
2922
2923
2924
2925
2926
2927
2928
2929
293
2930
2932
2933
2934
2935
2936
2937
2939
2940
2941
2942
2943
2944
2945
2946
2947
2948
2949
2950
2951
2952
2953
2954
2955
2956
2957
2958
2959
296
2960
2961
2962
2963
2966
2967
2968
2969
297
2970
2971
2972
2973
2974
2976
2977
2978
2979
298
2980
2981
2982
2983
2984
2985
2986
2987
2988
2989
299
2990
2991
2992
2993
2994
2995
2997
2998
2999
3
30
3000
3001
3002
3003
3004
3006
3007
3008
3009
301
3010
3011
3012
3014
3016
3018
3019
302
3020
3021
3022
3023
3024
3025
3026
3027
3028
3029
303
3030
3031
3032
3033
3034
3035
3036
3037
3038
3039
304
3040
3041
3042
3043
3044
3045
3046
3047
3048
3049
305
3050
3051
3052
3053
3054
3055
3056
3057
3058
3059
306
3060
3061
3062
3063
3064
3065
3066
3067
3068
3069
3070
3071
3073
3074
3076
3077
3078
3079
308
3080
3082
3083
3084
3085
3086
3087
3088
3089
309
3090
3091
3092
3093
3094
3095
3096
3097
3098
3099
310
3100
3101
3102
3103
3104
3105
3108
3109
311
3110
3111
3112
3113
3115
3116
3117
3118
3119
3120
3123
3124
3126
3127
3128
3129
313
3130
3131
3132
3134
3135
3136
3137
3138
314
3140
3141
3142
3143
3144
3145
3146
3147
3149
3150
3153
3154
3155
3156
3157
3158
3159
316
3160
3161
3162
3163
3164
3165
3166
3167
3168
3169
317
3171
3172
3173
3174
3175
3176
3177
3179
318
3180
3181
3182
3183
3184
3185
3186
3187
3188
3189
319
3190
3191
3192
3194
3195
3196
3197
3198
3199
32
320
3200
3201
3203
3204
3205
3206
3207
3208
3209
321
3210
3211
3212
3213
3214
3215
3217
3218
3219
322
3221
3222
3223
3224
3226
3227
3228
3229
323
3230
3231
3232
3233
3234
3235
3236
3237
3239
324
3240
3241
3242
3243
3244
3245
3246
3247
3248
3249
325
3250
3251
3252
3253
3254
3255
3256
3257
3258
3259
3260
3261
3262
3263
3264
3265
3266
3267
3268
3269
327
3270
3271
3272
3273
3274
3275
3276
3277
3278
3279
328
3280
3281
3282
3283
3284
3285
3286
3287
3289
329
3290
3292
3293
3295
3297
33
330
3301
3302
3303
3304
3306
3307
3308
3309
331
3311
3312
3314
3315
3316
3317
3318
3319
332
3320
3321
3322
3323
3324
3325
3326
3327
3328
3329
333
3331
3332
3333
3334
3335
3336
3337
3338
3339
334
3340
3341
3342
3343
3344
3345
3346
3347
3348
3349
335
3350
3351
3353
3354
3355
3356
3357
3358
3359
336
3360
3362
3363
3364
3365
3366
3367
3368
3369
337
3370
3371
3372
3373
3374
3375
3376
3377
3378
3379
338
3380
3381
3382
3383
3384
3385
3386
3387
3388
3389
339
3390
3392
3393
3394
3395
3396
3397
3398
3399
34
340
3400
3401
3402
3403
3405
3406
3407
3408
3409
341
3410
3411
3412
3413
3414
3415
3416
3417
3418
3419
342
3420
3421
3423
3424
3425
3426
3427
3428
3429
343
3430
3431
3432
3433
3434
3435
3436
3437
3438
344
3440
3441
3442
3443
3444
3445
3446
3447
3448
3449
3450
3451
3452
3453
3454
3455
3456
3457
3458
3459
346
3460
3461
3462
3463
3464
3466
3467
3468
3469
347
3470
3473
3474
3475
3476
3477
3478
3479
348
3480
3481
3483
3484
3485
3486
3487
3488
3489
349
3490
3491
3492
3493
3494
3495
3496
3497
3498
3499
35
350
3500
3501
3502
3503
3504
3505
3506
3507
3508
3509
351
3510
3511
3512
3513
3514
3515
3516
3517
3518
3519
352
3520
3521
3522
3523
3524
3525
3526
3527
3528
3529
353
3530
3531
3532
3533
3534
3535
3536
3537
3538
3539
354
3540
3541
3542
3543
3544
3545
3546
3547
3548
3549
355
3550
3551
3552
3554
3556
3557
3558
3559
356
3560
3561
3562
3563
3564
3565
3566
3567
3568
3569
357
3571
3573
3574
3575
3576
3577
3578
358
3580
3581
3582
3583
3584
3585
3586
3588
3589
3590
3591
3592
3593
3594
3595
3596
3597
3598
3599
36
3600
3601
3603
3604
3605
3606
3608
361
3610
3612
3613
3615
3616
3617
3618
3619
362
3620
3621
3622
3623
3624
3625
3626
3627
3628
3629
3630
3631
3632
3633
3634
3635
3636
3637
3638
3639
364
3640
3641
3642
3643
3644
3646
3647
3648
365
3650
3651
3652
3653
3654
3655
3656
3657
3658
3659
366
3660
3661
3662
3663
3664
3665
3666
3667
3668
3669
367
3670
3672
3673
3675
3676
3677
3679
368
3680
3681
3682
3683
3684
3685
3686
3687
3688
3689
3691
3692
3693
3694
3695
3696
3697
3698
37
370
3700
3701
3702
3703
3704
3705
3706
3707
3708
371
3710
3711
3712
3713
3715
3716
3717
3719
372
3720
3721
3722
3723
3724
3725
3726
3727
3728
3729
3730
3731
3732
3733
3734
3735
3736
3737
3738
3739
374
3740
3742
3743
3744
3745
3746
3747
3748
3749
375
3750
3751
3752
3754
3755
3756
3757
3758
3759
376
3760
3761
3763
3765
3766
3768
3769
3770
3771
3772
3773
3774
3775
3776
3777
3779
378
3780
3781
3782
3783
3784
3785
3787
3788
3789
379
3790
3791
3793
3794
3796
3797
3798
3799
38
380
3800
3801
3802
3803
3805
3806
3807
3808
3809
381
3810
3811
3812
3813
3814
3815
3816
3817
3818
3819
382
3820
3821
3822
3823
3825
3826
3827
3828
3829
383
3831
3832
3833
3834
3835
3836
3837
3838
3839
384
3840
3842
3843
3844
3845
3846
3847
3848
3849
3850
3851
3852
3853
3854
3855
3856
3857
3858
3859
386
3860
3861
3862
3863
3864
3865
3866
3867
3868
3869
387
3871
3872
3873
3874
3875
3876
3877
3878
3879
388
3880
3881
3882
3883
3884
3885
3886
3887
3888
3889
389
3890
3891
3892
3893
3894
3895
3897
3898
3899
39
3900
3901
3902
3903
3904
3905
3906
3907
3908
3909
3910
3911
3912
3913
3914
3915
3916
3917
3918
3919
392
3920
3921
3922
3925
3926
3927
3928
3929
3930
3931
3932
3933
3934
3935
3936
3937
3938
3939
3940
3942
3943
3944
3945
3946
3947
3948
3949
395
3950
3951
3952
3953
3955
3956
3957
3958
3959
396
3960
3961
3962
3963
3964
3966
3967
3968
3969
397
3970
3971
3972
3973
3974
3975
3977
3978
3979
398
3980
3981
3982
3983
3984
3985
3986
3987
3988
3989
399
3990
3991
3992
3993
3994
3996
3997
3998
4
40
400
4000
4001
4002
4003
4004
4006
4007
4008
4009
401
4011
4012
4014
4015
4016
4017
4019
402
4020
4021
4022
4023
4024
4025
4026
4027
4028
4029
403
4030
4031
4032
4033
4034
4035
4036
4037
4038
404
4040
4041
4042
4043
4044
4045
4046
4047
4048
4049
4050
4051
4052
4053
4054
4056
4057
4059
406
4060
4061
4062
4063
4064
4065
4066
4067
4069
407
4070
4071
4072
4074
4075
4076
4078
408
4080
4082
4083
4084
4085
4086
4088
4089
409
4090
4091
4092
4093
4094
4095
4096
4097
4098
4099
41
410
4100
4101
4102
4103
4104
4105
4106
4107
4108
4109
4110
4111
4112
4113
4114
4115
4116
4117
4118
4119
412
4120
4121
4122
4123
4124
4126
4127
4128
4129
413
4130
4131
4132
4133
4134
4135
4136
4137
4138
4139
414
4141
4142
4143
4145
4146
4147
4148
4149
415
4150
4151
4153
4154
4155
4156
4158
4159
416
4160
4161
4162
4163
4164
4165
4166
4167
4168
4169
417
4170
4171
4172
4173
4174
4175
4176
4177
4178
4179
418
4180
4181
4182
4183
4185
4186
4187
4188
4189
419
4190
4192
4193
4194
4195
4197
4198
4199
42
420
4200
4201
4202
4203
4204
4205
4206
4207
4208
4209
421
4211
4212
4213
4214
4215
4216
4217
4218
4219
422
4220
4221
4222
4223
4224
4225
4226
4227
4229
423
4230
4231
4232
4233
4234
4235
4236
4237
4238
4239
424
4240
4241
4242
4243
4244
4245
4246
4247
4248
4249
425
4250
4252
4254
4255
4256
4257
4258
4259
426
4260
4261
4262
4263
4264
4265
4266
4267
4268
4269
427
4270
4271
4272
4273
4274
4275
4276
4277
4278
4279
428
4280
4281
4282
4283
4284
4285
4286
4287
4288
4289
429
4290
4291
4292
4293
4294
4295
4296
4297
4298
43
4300
4301
4302
4303
4304
4305
4306
4308
4309
431
4310
4311
4312
4313
4314
4315
4316
4317
4318
4319
432
4320
4321
4322
4324
4325
4326
4327
4328
4329
433
4330
4331
4332
4333
4334
4335
4336
4337
4338
4339
434
4340
4341
4342
4343
4344
4345
4346
4347
4348
4349
4350
4351
4352
4353
4355
4356
4357
4358
4359
436
4360
4361
4362
4363
4364
4365
4366
4367
4368
4369
437
4370
4371
4372
4373
4374
4375
4376
4377
4378
4379
438
4381
4382
4383
4384
4385
4386
4387
4388
4389
439
4391
4393
4394
4395
4396
4397
4398
4399
44
440
4400
4401
4402
4403
4404
4405
4406
4407
4408
4409
441
4410
4411
4412
4413
4414
4415
4416
4417
4418
4419
442
4420
4421
4422
4423
4424
4425
4426
4427
4428
4429
443
4430
4431
4432
4433
4436
4437
4438
4439
444
4440
4441
4442
4446
4447
4448
4449
445
4450
4451
4452
4453
4454
4455
4456
4457
4458
446
4460
4461
4462
4463
4464
4465
4466
4467
4468
447
4470
4471
4473
4474
4475
4477
4478
4479
448
4480
4482
4483
4484
4485
4487
4488
4489
449
4490
4492
4493
4494
4495
4496
4497
4498
45
4500
4501
4502
4503
4504
4505
4507
4508
4509
451
4511
4512
4513
4516
4517
4518
452
4520
4521
4522
4523
4524
4525
4526
4527
4528
4529
453
4530
4531
4532
4533
4534
4535
4536
4537
4538
4539
454
4540
4541
4542
4543
4544
4545
4546
4547
4548
4549
455
4550
4552
4554
4555
4556
4557
4558
4559
456
4560
4561
4562
4563
4564
4565
4566
4568
4569
4570
4571
4572
4573
4574
4575
4576
4577
4578
4579
458
4580
4581
4582
4583
4584
4585
4586
4587
4588
459
4590
4591
4592
4593
4594
4595
4596
4597
4598
4599
46
4600
4601
4602
4603
4604
4605
4606
4607
4608
4609
461
4611
4612
4613
4614
4615
4616
4617
4618
4619
462
4620
4621
4622
4624
4625
4626
4627
4628
4629
463
4630
4631
4632
4633
4635
4636
4637
4638
4639
464
4640
4641
4642
4643
4644
4645
4646
4647
4648
4649
465
4650
4651
4652
4653
4654
4655
4657
4658
4659
466
4660
4661
4665
4666
4667
4668
4669
467
4670
4671
4672
4673
4674
4676
4677
4678
4679
468
4680
4682
4683
4684
4685
4686
4688
4689
469
4691
4692
4693
4694
4695
4696
4697
4698
47
470
4700
4701
4702
4703
4704
4705
4706
4707
4708
4709
471
4710
4711
4712
4714
4715
4716
4717
4718
4719
472
4720
4721
4722
4723
4724
4725
4726
4727
4728
4729
473
4730
4731
4732
4733
4734
4735
4736
4737
4738
4739
474
4740
4741
4742
4743
4745
4746
4747
4748
4749
475
4750
4751
4752
4753
4754
4755
4756
4757
4758
4759
476
4760
4761
4763
4764
4766
4767
4768
4769
477
4770
4771
4772
4773
4775
4776
4777
4779
478
4780
4782
4783
4785
4786
4787
4788
4789
4790
4791
4792
4793
4794
4795
4796
4797
4798
4799
48
480
4800
4801
4802
4803
4804
4805
4806
4807
4808
4809
481
4810
4811
4812
4813
4814
4815
4816
4817
4818
4819
482
4820
4821
4822
4823
4824
4825
4826
4828
4829
483
4830
4831
4832
4833
4834
4835
4836
4837
484
4840
4841
4842
4843
4844
4845
4847
4849
4850
4851
4852
4853
4854
4855
4856
4857
4858
4860
4861
4862
4863
4866
4867
4868
4869
487
4870
4871
4872
4873
4874
4875
4876
4877
4878
4879
488
4881
4882
4883
4884
4885
4886
4887
4888
4889
489
4890
4891
4893
4894
4895
4896
4897
4898
4899
49
490
4900
4901
4902
4904
4905
4906
4907
4908
4909
491
4910
4911
4912
4913
4914
4915
4916
4917
4918
4919
492
4920
4921
4922
4923
4924
4925
4926
4927
4928
4929
493
4930
4931
4932
4933
4934
4935
4936
4937
4938
4939
494
4940
4941
4942
4943
4944
4945
4946
4947
4948
4949
495
4950
4951
4952
4953
4954
4955
4956
4957
4958
4959
496
4960
4961
4963
4964
4965
4966
4967
4968
4969
497
4970
4971
4972
4973
4974
4975
4976
4977
4978
4979
4981
4982
4983
4984
4985
4986
4987
4988
4989
499
4991
4992
4993
4994
4995
4996
4997
4998
5
50
500
5001
5002
5003
5004
5005
5006
5007
5008
5009
5010
5011
5012
5013
5014
5015
5016
5017
5018
5019
502
5020
5021
5022
5025
5026
5027
5028
5029
503
5030
5031
5032
5033
5034
5036
5037
5038
5039
504
5040
5041
5042
5043
5044
5046
5047
5048
5049
505
5050
5051
5052
5053
5054
5055
5056
5057
5058
5059
506
5060
5061
5062
5063
5065
5066
5067
5068
5069
507
5070
5071
5072
5073
5074
5075
5076
5077
5078
5079
508
5080
5081
5082
5083
5084
5086
5087
5088
5089
509
5091
5092
5093
5095
5097
5098
510
5100
5101
5102
5103
5104
5105
5106
5107
5109
5110
5111
5112
5113
5114
5115
5117
5118
5119
512
5120
5121
5123
5124
5125
5126
5127
5129
513
5130
5132
5134
5135
5136
5137
5138
5139
514
5140
5143
5144
5145
5146
5147
5148
5149
515
5150
5151
5152
5153
5154
5155
5156
5157
5158
516
5161
5162
5163
5164
5165
5167
5168
5169
517
5170
5171
5172
5173
5174
5175
5176
5178
5179
518
5180
5181
5182
5183
5185
5186
5187
5188
5189
519
5190
5191
5192
5193
5194
5195
5196
5197
5198
52
520
5200
5201
5202
5203
5204
5205
5206
5207
5208
521
5210
5211
5212
5213
5214
5215
5216
5217
5218
5219
522
5220
5221
5222
5223
5224
5225
5226
5227
5228
5229
523
5231
5232
5233
5234
5235
5236
5237
5239
524
5241
5242
5243
5244
5247
5248
5249
525
5252
5253
5254
5255
5256
5257
5258
526
5260
5261
5262
5263
5264
5265
5266
5267
5268
5269
527
5270
5271
5274
5275
5277
5278
5279
528
5280
5283
5285
5286
5287
5288
5289
529
5290
5291
5292
5293
5294
5295
5296
5297
5298
5299
53
530
5300
5302
5303
5304
5305
5306
5307
5309
531
5310
5311
5312
5313
5314
5315
5316
5317
5318
5319
532
5320
5322
5323
5325
5326
5327
5328
5329
533
5330
5331
5334
5335
5336
5337
5338
5339
534
5340
5341
5342
5343
5344
5345
5346
5347
5349
535
5350
5351
5352
5353
5354
5355
5356
5357
5359
536
5360
5361
5363
5364
5365
5366
5367
5368
5369
5370
5371
5374
5375
5376
5377
5379
538
5380
5382
5383
5384
5385
5386
5387
5388
5389
539
5390
5391
5392
5394
5395
5396
5397
5398
5399
5400
5401
5402
5403
5404
5405
5406
5407
5408
5409
541
5410
5411
5412
5414
5415
5416
5417
5418
5419
542
5420
5421
5422
5423
5425
5427
5428
5429
543
5430
5431
5432
5433
5434
5435
5436
5437
5438
5439
5440
5441
5442
5443
5444
5445
5446
5447
5448
5449
545
5450
5451
5452
5453
5454
5455
5456
5457
5458
5459
546
5460
5461
5463
5464
5465
5466
5467
5468
5469
547
5470
5471
5472
5473
5474
5475
5476
5477
5478
5479
5481
5482
5483
5485
5486
5487
5488
5489
549
5490
5491
5492
5493
5494
5495
5496
5497
5498
5499
55
550
5500
5501
5502
5503
5504
5505
5506
5507
5508
551
5510
5511
5512
5514
5515
5516
5517
5518
5519
552
5521
5522
5523
5524
5525
5527
5528
5529
5531
5533
5534
5535
5536
5537
5538
5539
554
5540
5541
5542
5543
5544
5545
5546
5547
5548
5549
555
5550
5551
5552
5553
5554
5556
5557
5558
5559
556
5560
5561
5562
5563
5564
5565
5566
5567
5568
557
5570
5571
5572
5574
5575
5576
5577
5578
558
5580
5581
5582
5583
5584
5586
5587
5589
559
5590
5591
5592
5593
5594
5595
5596
5597
5598
56
560
5600
5601
5602
5603
5604
5605
5606
5607
5608
5609
561
5610
5611
5612
5613
5614
5615
5618
5619
562
5620
5622
5623
5624
5625
5626
5627
5628
5629
563
5630
5631
5632
5633
5634
5635
5636
5637
5638
5639
564
5640
5641
5642
5643
5644
5645
5646
5647
5649
565
5650
5651
5652
5653
5654
5655
5656
5657
5659
566
5660
5661
5662
5663
5664
5665
5666
5667
5668
5669
567
5671
5672
5673
5674
5675
5676
5677
5678
5679
568
5680
5681
5682
5683
5685
5686
5687
5688
5689
5691
5692
5693
5694
5696
5697
5698
5699
57
570
5700
5701
5702
5703
5704
5705
5706
5707
5708
5709
571
5711
5713
5714
5715
5716
5717
5718
5719
572
5720
5721
5722
5723
5724
5726
5727
5728
5729
573
5730
5731
5732
5733
5734
5735
5736
5737
5738
5739
574
5740
5741
5742
5743
5744
5745
5746
5747
5748
5749
5750
5751
5752
5753
5754
5755
5757
5758
5759
576
5760
5761
5762
5763
5764
5765
5766
5767
5768
5769
577
5770
5771
5772
5773
5774
5775
5777
5778
5779
578
5780
5781
5783
5784
5785
5786
5787
5788
5789
579
5790
5791
5792
5793
5794
5795
5796
5797
5798
5799
58
5800
5801
5802
5803
5804
5805
5806
5807
5808
5809
581
5810
5811
5812
5813
5814
5815
5816
5817
5818
5819
582
5821
5822
5823
5824
5825
5826
5827
5828
5829
583
5830
5831
5832
5833
5834
5835
5836
5837
5838
5839
584
5840
5841
5844
5845
5846
5847
5848
5849
585
5850
5851
5852
5853
5854
5855
5856
5857
5858
5859
586
5861
5862
5863
5864
5865
5866
5867
5868
587
5871
5872
5873
5874
5875
5876
5877
5878
5879
588
5880
5881
5882
5883
5884
5885
5886
5887
5888
5889
589
5890
5891
5892
5893
5894
5895
5896
5897
5898
5899
59
590
5900
5901
5902
5903
5904
5905
5906
5907
5908
5909
591
5910
5911
5912
5913
5914
5915
5916
5917
5918
5919
592
5920
5921
5922
5923
5925
5926
5927
5928
5929
5930
5931
5932
5933
5934
5935
5936
5937
5938
5939
594
5940
5941
5942
5943
5944
5945
5946
5947
5948
5949
595
5950
5951
5952
5953
5954
5955
5956
5957
5959
596
5960
5961
5962
5963
5964
5967
5968
597
5970
5971
5972
5973
5974
5975
5976
5977
5978
5979
598
5980
5981
5982
5983
5984
5985
5986
5987
5988
5989
599
5990
5991
5992
5994
5995
5996
5997
5998
5999
6
60
600
6000
6001
6002
6003
6004
6006
6007
6008
6009
601
6010
6011
6012
6013
6014
6015
6016
6017
6019
602
6020
6021
6022
6023
6024
6025
6026
6027
6028
6029
603
6030
6031
6032
6033
6034
6035
6036
6037
6038
6039
604
6040
6041
6042
6044
6047
6048
6049
605
6050
6051
6052
6053
6054
6055
6057
6058
6059
606
6061
6062
6063
6064
6065
6066
6067
6069
607
6070
6071
6072
6073
6075
6076
6077
6078
6079
608
6080
6081
6082
6083
6084
6085
6086
6087
6088
6089
609
6090
6091
6092
6095
6096
6097
6098
6099
61
610
6100
6101
6102
6104
6105
6106
6107
6108
6109
611
6110
6111
6112
6113
6114
6116
6117
6118
6120
6121
6122
6123
6125
6126
6127
6128
613
6130
6131
6132
6134
6135
6136
6137
6138
6139
614
6140
6141
6142
6143
6145
6146
6147
6148
6149
615
6150
6151
6152
6153
6154
6155
6156
6157
6158
6159
616
6160
6161
6162
6163
6164
6165
6166
6167
6168
6169
617
6170
6171
6173
6174
6175
6176
6177
6178
6179
618
6180
6181
6182
6184
6185
6186
6187
6188
6189
6190
6191
6192
6194
6197
6198
6199
62
620
6200
6201
6202
6203
6204
6205
6206
6207
6208
6209
621
6210
6211
6213
6214
6215
6216
6217
6218
6219
622
6220
6222
6225
6226
6227
6228
6229
623
6230
6231
6232
6233
6234
6235
6236
6238
6239
624
6240
6241
6242
6243
6244
6245
6246
6247
6248
6249
625
6250
6251
6252
6253
6254
6255
6256
6257
6258
6259
626
6260
6262
6264
6265
6266
6267
6268
6269
627
6270
6271
6272
6273
6274
6275
6276
6277
6278
6279
628
6280
6281
6282
6283
6284
6285
6286
6287
6289
629
6290
6291
6292
6293
6294
6295
6296
6297
6298
6299
63
630
6300
6301
6302
6303
6304
6305
6306
6307
6308
6309
631
6310
6311
6312
6313
6315
6316
6317
6318
6319
632
6320
6321
6322
6323
6324
6325
6326
6327
6328
6329
6330
6331
6332
6333
6334
6335
6336
6338
6339
634
6341
6342
6343
6344
6345
6346
6347
6348
6349
635
6350
6351
6352
6353
6354
6355
6356
6357
6358
6359
636
6360
6361
6362
6363
6364
6366
6368
6369
637
6370
6371
6373
6374
6375
6376
6377
6378
6379
638
6382
6383
6384
6385
6386
6387
6389
639
6391
6392
6393
6394
6395
6396
6397
6398
6399
64
640
6401
6402
6404
6405
6406
6408
6409
641
6410
6411
6412
6413
6415
6417
6418
6419
642
6420
6422
6423
6424
6425
6426
6427
6428
6429
643
6430
6431
6432
6434
6435
6436
6437
6438
6439
6440
6441
6442
6444
6446
6447
6448
6449
645
6451
6452
6453
6454
6455
6456
6457
6458
6459
646
6460
6461
6462
6463
6464
6465
6466
6467
6468
6469
6470
6471
6472
6473
6474
6475
6476
6477
6478
6479
648
6480
6481
6482
6483
6484
6485
6486
6487
6488
6489
649
6490
6491
6493
6494
6495
6496
6497
6498
6499
65
6500
6501
6502
6503
6504
6505
6506
6507
6508
651
6510
6511
6512
6513
6514
6515
6516
6517
6518
6519
652
6520
6521
6522
6524
6525
6526
6528
6529
6530
6531
6532
6533
6534
6535
6536
6538
6539
654
6540
6541
6542
6543
6544
6545
6546
6549
655
6550
6551
6552
6553
6555
6556
6557
6558
6559
656
6560
6561
6563
6564
6565
6566
6567
6568
6569
657
6570
6572
6573
6574
6575
6576
6577
6578
6579
658
6580
6581
6582
6583
6584
6585
6586
6587
6588
6589
659
6590
6591
6592
6593
6594
6595
6596
6597
6598
66
660
6600
6601
6602
6603
6604
6605
6606
6607
6608
6609
661
6610
6611
6612
6613
6614
6616
6617
6618
6619
662
6620
6621
6622
6623
6624
6625
6626
6627
6628
6629
6631
6632
6633
6634
6635
6636
6637
6638
6639
664
6640
6642
6643
6644
6645
6646
6648
6649
665
6651
6652
6653
6654
6656
6657
6658
6659
666
6660
6661
6662
6663
6664
6665
6666
6667
6669
667
6670
6672
6673
6674
6675
6676
6677
6678
6679
668
6680
6681
6682
6683
6684
6685
6687
6688
6689
669
6690
6691
6692
6693
6694
6695
6696
6698
6699
67
670
6701
6703
6704
6705
6706
6707
6708
6709
671
6710
6712
6713
6714
6715
6716
6718
6719
672
6720
6722
6723
6724
6725
6726
6727
6728
6729
673
6730
6731
6732
6733
6734
6735
6736
6737
6738
6739
674
6741
6742
6743
6744
6745
6746
6747
6748
6749
675
6750
6751
6752
6753
6754
6755
6756
6757
6758
6759
676
6760
6762
6763
6764
6765
6766
6767
6768
6770
6771
6772
6773
6774
6775
6776
6777
6778
6779
678
6780
6781
6784
6785
6786
6787
6788
6789
6790
6791
6792
6793
6794
6795
6796
6797
6798
6799
68
680
6800
6801
6802
6803
6804
6805
6806
6807
6808
6809
681
6810
6811
6812
6813
6814
6815
6816
6817
6818
6819
682
6820
6821
6822
6823
6825
6826
6827
6829
683
6830
6831
6832
6834
6836
6837
6838
6839
684
6840
6841
6842
6844
6845
6846
6847
6848
6849
685
6850
6851
6852
6853
6854
6855
6856
6857
6858
6859
686
6860
6861
6862
6863
6864
6865
6866
6867
6868
6869
687
6871
6872
6873
6874
6875
6876
6877
6878
6879
688
6881
6882
6883
6884
6885
6886
6887
6888
689
6890
6891
6892
6893
6894
6895
6896
6897
6898
6899
69
690
6900
6901
6902
6903
6904
6905
6906
6908
691
6910
6911
6912
6913
6914
6915
6916
6917
6918
6919
692
6920
6921
6922
6923
6924
6925
6926
6928
6929
693
6930
6931
6932
6933
6934
6935
6936
6937
6938
6939
694
6940
6941
6942
6943
6944
6945
6947
6948
6949
695
6950
6951
6952
6954
6955
6956
6957
6958
696
6960
6961
6962
6963
6965
6966
6967
6969
697
6970
6971
6972
6973
6974
6975
6976
6977
6978
6979
698
6980
6981
6982
6983
6984
6985
6987
6988
699
6990
6991
6992
6993
6994
6995
6996
6997
6998
6999
7
70
700
7001
7002
7003
7004
7005
7006
7007
7008
7009
701
7010
7011
7012
7014
7015
7016
7017
7020
7022
7023
7024
7025
7026
7027
7028
7029
703
7030
7031
7032
7034
7035
7037
7038
7039
7040
7041
7042
7043
7044
7046
7047
7048
7049
705
7050
7051
7052
7053
7054
7055
7056
7057
7058
706
7060
7062
7063
7064
7065
7067
7068
7069
707
7071
7074
7076
7078
708
7080
7081
7082
7083
7084
7085
7086
7088
7089
709
7090
7091
7093
7094
7095
7096
7097
7098
7099
71
710
7100
7101
7102
7103
7104
7105
7106
7107
7108
711
7110
7111
7112
7115
7116
7117
7118
7119
7120
7121
7122
7123
7124
7125
7126
7127
7128
7129
713
7131
7132
7133
7134
7135
7136
7137
7138
714
7141
7142
7143
7144
7145
7146
7147
7148
7149
715
7150
7152
7154
7155
7156
7158
7159
716
7160
7161
7162
7163
7164
7165
7167
7168
7169
717
7170
7172
7173
7174
7175
7176
7177
7178
718
7180
7181
7182
7183
7184
7185
7186
7188
7189
719
7191
7192
7193
7194
7195
7196
7198
7199
72
720
7200
7201
7202
7203
7204
7205
7206
7207
7208
7209
721
7210
7211
7212
7213
7214
7215
7216
7217
7218
7219
722
7220
7221
7222
7223
7224
7225
7226
7227
7228
7229
723
7230
7231
7232
7233
7234
7235
7236
7237
7238
7239
724
7240
7241
7242
7243
7244
7245
7246
7247
7248
7249
725
7251
7252
7253
7254
7255
7256
7257
7258
7259
726
7260
7261
7262
7263
7264
7265
7266
7267
7268
7269
727
7270
7271
7272
7273
7274
7275
7276
7277
7278
7279
728
7280
7281
7282
7283
7284
7286
7287
7288
7289
729
7290
7291
7292
7293
7294
7295
7296
7297
7298
7299
73
730
7300
7301
7302
7303
7304
7306
7307
7308
731
7310
7311
7312
7313
7314
7315
7316
7317
7318
7319
732
7320
7321
7322
7323
7324
7325
7326
7327
7328
7330
7331
7332
7333
7334
7335
7336
7337
7338
7339
734
7340
7341
7342
7343
7344
7345
7346
7347
7348
7349
735
7351
7352
7353
7354
7355
7356
7357
7358
7359
736
7360
7362
7363
7364
7365
7366
7368
7369
737
7370
7371
7372
7374
7375
7376
7377
7378
7379
738
7380
7381
7382
7383
7384
7385
7386
7387
7389
739
7392
7393
7394
7395
7396
7397
7398
7399
74
740
7400
7401
7402
7404
7406
7407
7408
7409
7410
7411
7412
7413
7414
7415
7416
7417
7418
7419
742
7420
7421
7422
7423
7424
7425
7426
7427
7428
7429
743
7430
7431
7432
7433
7434
7435
7436
7437
7438
744
7440
7441
7442
7443
7444
7445
7446
7447
7448
7449
745
7450
7451
7452
7453
7455
7456
7457
7458
7459
7460
7461
7462
7463
7464
7465
7466
7468
7469
747
7470
7471
7472
7473
7474
7475
7476
7477
7478
7479
748
7480
7481
7482
7484
7485
7486
7487
7488
7489
749
7490
7492
7493
7494
7495
7496
7497
7498
7499
75
750
7500
7501
7502
7503
7504
7505
7506
7507
7508
7509
751
7510
7511
7512
7513
7514
7515
7516
7517
7519
752
7520
7521
7522
7523
7524
7525
7528
7529
753
7530
7531
7532
7533
7535
7536
7537
7538
7539
7540
7541
7542
7543
7544
7545
7546
7547
7548
7549
755
7550
7551
7552
7553
7554
7555
7556
7557
7558
7559
756
7560
7561
7562
7563
7564
7565
7566
7567
7568
7569
757
7570
7571
7572
7573
7574
7575
7576
7577
7578
7579
7580
7581
7582
7583
7585
7586
7587
7588
7589
759
7590
7591
7592
7593
7594
7595
7596
7597
7598
7599
76
760
7600
7601
7602
7603
7604
7605
7607
7608
7609
761
7610
7611
7612
7613
7614
7616
7617
7618
7619
762
7620
7621
7622
7623
7624
7625
7626
7627
7628
7629
763
7630
7631
7632
7633
7634
7635
7636
7637
7638
7639
764
7640
7641
7642
7643
7645
7646
7648
7649
7650
7651
7652
7653
7654
7655
7656
7657
7658
7659
7660
7661
7662
7663
7664
7665
7666
7667
7668
7669
7670
7671
7672
7673
7674
7675
7676
7678
768
7680
7681
7682
7683
7684
7685
7686
7687
7688
7689
7690
7692
7693
7695
7696
7697
7698
7699
77
770
7700
7701
7702
7703
7704
7705
7706
7707
7708
7709
771
7711
7714
7715
7716
7717
7718
7719
772
7720
7722
7723
7724
7725
7726
7728
773
7730
7731
7732
7733
7734
7735
7736
7737
7738
7739
7740
7741
7742
7743
7744
7746
7747
7748
7749
775
7750
7751
7752
7753
7754
7755
7756
7757
7758
7759
776
7760
7761
7762
7763
7765
7766
7767
7768
7769
777
7770
7771
7772
7773
7774
7775
7776
7777
7778
7779
778
7780
7781
7782
7784
7785
7786
7787
7788
7789
779
7790
7791
7792
7793
7794
7795
7796
7797
7798
7799
78
780
7800
7801
7802
7803
7804
7805
7806
7807
7808
7809
7810
7811
7812
7813
7814
7815
7816
7817
7818
782
7820
7821
7822
7823
7824
7825
7826
7827
7828
783
7830
7831
7832
7833
7835
7836
7837
7838
7839
784
7840
7841
7842
7843
7844
7846
7847
7848
7849
785
7850
7851
7852
7853
7854
7855
7856
7857
7858
7859
786
7860
7861
7862
7864
7865
7866
7867
7869
7870
7871
7872
7874
7875
7876
7877
7879
788
7881
7883
7884
7885
7886
7887
7888
7889
789
7891
7892
7893
7894
7895
7896
7897
7898
7899
79
790
7901
7902
7903
7904
7905
7906
7907
7908
7909
791
7910
7911
7912
7913
7914
7915
7916
7917
7918
792
7920
7921
7925
7926
7927
7928
7929
793
7930
7931
7932
7933
7936
7938
7939
794
7940
7941
7942
7944
7946
7947
7948
7949
795
7950
7951
7952
7953
7954
7955
7956
7957
7959
796
7960
7961
7962
7963
7964
7965
7966
7967
7968
7969
797
7970
7971
7972
7973
7974
7975
7976
7978
7979
798
7980
7982
7983
7984
7985
7986
7987
7988
7989
799
7990
7991
7992
7993
7994
7995
7996
7997
7998
7999
8
80
800
8000
8002
8003
8004
8005
8006
8007
8009
801
8010
8011
8012
8013
8014
8015
8016
8017
8018
8019
802
8021
8022
8023
8024
8025
8026
8027
8028
8029
803
8030
8032
8033
8034
8035
8036
8038
804
8040
8041
8042
8043
8044
8045
8046
8047
8048
8049
805
8050
8051
8052
8053
8054
8056
8057
8058
8059
806
8060
8061
8062
8063
8064
8065
8066
8067
8068
8069
807
8070
8071
8072
8073
8074
8075
8076
8077
8079
808
8080
8081
8082
8084
8085
8086
8087
8088
8089
809
8090
8091
8092
8094
8096
8097
8099
81
810
8100
8101
8102
8103
8104
8105
8106
8107
8108
811
8110
8111
8112
8113
8114
8115
8116
8117
8118
8119
812
8120
8121
8122
8123
8125
8127
8128
8129
813
8130
8131
8132
8133
8135
8137
8138
8139
814
8140
8142
8143
8144
8145
8146
8147
8148
8149
815
8150
8151
8152
8153
8154
8155
8156
8157
8158
8160
8161
8162
8163
8164
8165
8167
8169
817
8170
8171
8172
8173
8174
8177
8178
8179
818
8180
8181
8183
8184
8185
8186
8187
8188
8189
819
8190
8191
8192
8193
8195
8196
8197
8198
82
820
8200
8201
8202
8203
8204
8205
8206
8207
8208
8209
8210
8211
8213
8214
8215
8217
8218
8219
8220
8221
8222
8223
8224
8225
8226
8227
8228
8229
823
8231
8234
8236
8237
8238
824
8240
8241
8242
8243
8245
8246
8247
8248
8249
825
8250
8251
8252
8253
8254
8255
8256
8257
8258
8259
826
8260
8261
8262
8263
8265
8266
8268
8269
827
8270
8271
8272
8273
8274
8275
8276
8277
8278
8279
828
8280
8281
8282
8283
8285
8286
8287
8288
8289
829
8290
8292
8293
8294
8295
8296
8297
8298
8299
83
830
8300
8301
8302
8303
8304
8305
8306
8307
8308
8309
831
8310
8311
8312
8313
8314
8315
8316
8317
8318
8319
832
8320
8321
8322
8323
8325
8326
8327
8328
8329
833
8330
8331
8332
8333
8334
8335
8337
8338
8339
8340
8341
8343
8344
8346
8347
8349
835
8350
8351
8352
8353
8354
8355
8356
8357
8358
8359
836
8360
8361
8362
8363
8365
8366
8367
8368
8369
8370
8371
8372
8373
8374
8375
8376
8377
8378
8379
838
8380
8381
8382
8383
8384
8385
8387
8388
8389
839
8390
8391
8392
8393
8394
8395
8396
8397
8399
84
840
8401
8402
8403
8404
8405
8407
8408
8409
841
8410
8412
8413
8414
8415
8416
8417
8418
8419
842
8421
8422
8423
8424
8426
8427
8428
8429
843
8431
8432
8433
8434
8435
8436
8437
8438
8439
8440
8442
8443
8444
8446
8447
8448
8449
845
8452
8453
8454
8456
8457
8458
8459
846
8460
8462
8463
8464
8466
8467
8469
847
8470
8471
8472
8473
8475
8476
8477
8478
8479
848
8480
8481
8482
8483
8484
8485
8486
8487
8488
849
8490
8491
8492
8493
8494
8495
8496
8498
8499
85
850
8500
8501
8502
8503
8504
8505
8506
8507
8508
8509
851
8510
8511
8512
8513
8514
8515
8516
8517
8518
8519
852
8521
8523
8524
8525
8526
8528
8529
853
8530
8531
8532
8533
8534
8535
8536
8538
8539
854
8540
8541
8542
8543
8544
8545
8546
8547
8548
8549
855
8550
8551
8552
8553
8554
8555
8556
8557
8558
8559
856
8561
8562
8563
8564
8565
8566
8568
8569
857
8570
8571
8572
8573
8574
8575
8576
8578
8579
858
8580
8581
8582
8583
8584
8585
8586
8587
8588
8589
859
8590
8591
8592
8593
8594
8595
8596
8597
8598
860
8600
8601
8602
8603
8604
8605
8606
8607
8608
8609
861
8610
8611
8612
8613
8614
8615
8616
8617
8618
8619
862
8620
8621
8622
8623
8625
8626
8627
8628
8629
863
8630
8631
8632
8633
8634
8635
8636
8637
8638
8639
864
8640
8642
8643
8644
8645
8646
8647
8648
8649
865
8650
8651
8652
8653
8654
8659
866
8660
8662
8663
8665
8666
8667
8668
8669
867
8670
8671
8672
8673
8674
8675
8676
8677
8678
8679
8680
8681
8683
8684
8685
8687
8688
8689
869
8690
8691
8692
8693
8694
8695
8696
8697
8698
8699
87
870
8700
8701
8702
8703
8704
8705
8706
8707
8708
871
8710
8711
8712
8713
8714
8715
8716
8717
8718
8719
872
8720
8722
8723
8724
8725
8726
8727
8728
8729
8730
8731
8732
8733
8734
8735
8736
8737
8739
874
8740
8741
8742
8743
8744
8745
8746
8747
8748
8749
875
8751
8752
8753
8754
8756
8757
8758
8759
876
8760
8761
8762
8763
8764
8765
8766
8767
8769
8770
8771
8772
8773
8774
8775
8776
8777
8779
878
8780
8781
8782
8783
8784
8785
8786
8787
8788
8789
879
8791
8792
8793
8794
8795
8796
8797
8799
88
880
8800
8801
8802
8803
8804
8805
8806
8808
8809
881
8811
8812
8813
8814
8815
8816
8817
8819
882
8820
8821
8822
8823
8824
8825
8826
8827
8828
8831
8832
8833
8834
8835
8836
8837
8838
8839
884
8840
8841
8842
8843
8844
8845
8846
8847
8848
8849
885
8850
8851
8852
8853
8854
8855
8856
8857
8858
886
8860
8861
8862
8863
8864
8865
8866
8867
8868
8869
887
8870
8872
8873
8874
8875
8876
8877
8878
8879
888
8880
8881
8882
8883
8884
8885
8886
8887
8888
8889
889
8890
8891
8893
8894
8895
8896
8897
8898
8899
89
890
8900
8901
8902
8903
8906
8907
8908
8909
891
8910
8911
8912
8913
8914
8915
8916
8918
8919
892
8921
8922
8923
8925
8926
8927
8928
8929
893
8930
8931
8932
8933
8934
8935
8936
8937
8938
894
8940
8941
8942
8943
8944
8945
8946
8947
8948
8949
895
8950
8951
8952
8953
8954
8955
8956
8957
8958
8959
896
8960
8961
8962
8964
8965
8966
8967
8968
8969
897
8970
8971
8972
8973
8974
8975
8977
8978
8979
898
8980
8982
8983
8984
8985
8986
8987
8989
899
8990
8991
8992
8993
8994
8995
8996
8997
8998
8999
9
90
900
9000
9001
9002
9003
9004
9005
9006
9007
9008
9009
901
9010
9011
9012
9013
9014
9016
9017
9018
9019
902
9020
9021
9022
9024
9025
9026
9027
9028
9029
903
9030
9031
9032
9034
9035
9036
9037
9038
9039
904
9040
9041
9042
9043
9045
9046
9047
9048
9049
905
9050
9051
9052
9053
9054
9055
9056
9057
9058
9059
906
9060
9061
9062
9063
9064
9066
9067
9068
907
9070
9071
9072
9073
9074
9075
9076
9077
9078
9079
908
9080
9081
9082
9083
9084
9085
9086
9087
9088
9089
909
9090
9091
9092
9094
9095
9096
9097
9098
9099
91
910
9100
9101
9102
9103
9104
9105
9107
9108
9109
911
9110
9111
9112
9113
9114
9115
9116
9117
9118
9119
912
9120
9121
9122
9125
9126
9127
9128
9129
913
9130
9131
9132
9133
9134
9135
9136
9137
9139
914
9141
9142
9143
9144
9145
9146
9147
9148
9149
915
9151
9152
9153
9154
9155
9156
9157
9158
9159
916
9160
9161
9162
9163
9165
9166
9167
9168
9169
917
9170
9171
9172
9173
9174
9175
9176
9177
9178
918
9181
9182
9183
9184
9185
9186
9187
9188
9189
9190
9191
9192
9193
9194
9195
9196
9197
9198
9199
92
920
9200
9202
9203
9204
9205
9206
9207
9208
9209
921
9210
9211
9212
9213
9214
9215
9216
9218
9219
922
9220
9221
9223
9224
9225
9226
9227
9228
9229
923
9230
9231
9232
9233
9234
9235
9236
9237
9238
9239
9240
9241
9242
9244
9245
9246
9247
9248
9249
925
9250
9251
9252
9253
9254
9255
9256
9257
9258
9259
926
9261
9262
9264
9265
9266
9267
9268
9269
927
9270
9271
9272
9273
9274
9275
9276
9278
9279
928
9281
9282
9283
9284
9285
9286
9287
9288
929
9290
9291
9292
9293
9294
9295
9296
9297
9298
9299
93
930
9301
9302
9303
9304
9305
9306
9307
9308
9309
931
9311
9312
9314
9315
9316
9317
9319
932
9321
9322
9323
9324
9325
9326
9327
9328
9329
9330
9331
9332
9333
9334
9335
9336
9337
9338
9339
934
9340
9341
9342
9343
9344
9345
9346
9347
9348
9349
935
9350
9351
9352
9354
9355
9356
9357
9358
9359
936
9360
9361
9362
9364
9365
9366
9367
9368
9369
9370
9371
9372
9374
9375
9376
9377
9378
9379
938
9381
9382
9383
9384
9385
9386
9387
9388
9389
939
9390
9391
9392
9394
9396
9397
9398
9399
94
940
9400
9401
9402
9403
9404
9405
9406
9407
9408
9409
941
9410
9411
9412
9413
9414
9416
9417
9418
942
9420
9421
9422
9424
9425
9426
9427
9428
9429
943
9430
9431
9432
9433
9434
9435
9436
9437
9438
9439
944
9440
9441
9442
9443
9445
9446
9447
9448
9449
945
9450
9451
9452
9453
9454
9455
9458
9459
946
9460
9461
9462
9463
9464
9465
9466
9467
9468
9469
947
9470
9471
9472
9474
9475
9476
9477
9478
9479
948
9480
9481
9482
9483
9484
9485
9486
9487
9488
9489
949
9490
9491
9492
9493
9494
9495
9496
9497
9498
9499
95
950
9501
9502
9503
9504
9505
9506
9507
9508
9509
951
9510
9511
9512
9513
9514
9515
9516
9517
9518
952
9520
9521
9522
9523
9524
9525
9526
9527
9528
9529
953
9530
9531
9532
9533
9534
9535
9536
9537
9538
9539
954
9540
9541
9542
9543
9544
9545
9546
9547
9548
9549
955
9550
9551
9552
9553
9554
9555
9556
9557
9558
9559
956
9560
9561
9563
9564
9565
9566
9568
957
9570
9571
9572
9573
9574
9576
9578
9579
958
9580
9581
9583
9584
9585
9586
9587
9588
9589
959
9590
9591
9592
9593
9594
9595
9596
9597
9599
960
9600
9601
9602
9603
9604
9605
9606
9607
9609
961
9610
9611
9612
9613
9614
9615
9616
9617
9618
9619
962
9620
9621
9622
9623
9624
9625
9626
9627
9628
9629
9630
9631
9632
9633
9634
9637
9638
9639
964
9640
9641
9642
9643
9644
9645
9646
9647
9648
9649
965
9650
9652
9653
9654
9655
9656
9657
9658
9659
966
9660
9661
9662
9663
9664
9665
9667
9668
9669
967
9670
9671
9672
9673
9674
9675
9676
9677
9678
9679
968
9680
9681
9682
9683
9684
9685
9686
9687
9688
9689
969
9690
9692
9693
9694
9695
9696
9697
9698
9699
97
970
9700
9701
9703
9704
9705
9706
9707
9708
9709
971
9710
9711
9712
9713
9714
9715
9716
9717
9718
9719
972
9720
9722
9724
9726
9727
9728
9729
973
9730
9731
9732
9733
9734
9735
9736
9737
9738
9739
974
9740
9741
9742
9743
9744
9745
9747
9748
9749
975
9750
9751
9752
9753
9754
9755
9756
9757
9758
9759
976
9761
9762
9764
9766
9767
9768
9769
977
9770
9772
9773
9774
9775
9776
9777
9778
9779
978
9780
9782
9783
9784
9785
9786
9787
9788
979
9790
9791
9794
9795
9796
9799
98
980
9800
9801
9802
9803
9805
9806
9807
9809
981
9811
9812
9814
9815
9816
9817
9818
9819
9820
9821
9823
9824
9825
9826
9827
9828
9829
983
9830
9831
9832
9833
9834
9836
9837
9838
9839
9842
9843
9844
9845
9846
9847
9849
985
9850
9851
9852
9853
9854
9855
9856
9857
9858
9859
986
9860
9861
9862
9863
9864
9865
9866
9868
9869
987
9870
9871
9872
9873
9874
9875
9876
9877
9878
9879
9880
9881
9882
9883
9884
9885
9886
9887
9888
9889
989
9890
9891
9892
9893
9895
9896
9897
9898
9899
99
990
9900
9901
9902
9903
9904
9905
9906
9907
9908
9909
991
9910
9911
9912
9913
9914
9915
9916
9917
9918
9919
992
9920
9921
9922
9923
9924
9925
9926
9927
9928
993
9930
9932
9933
9934
9935
9936
9937
9938
9939
994
9940
9941
9942
9943
9944
9945
9946
9947
9948
9949
995
9950
9951
9952
9953
9954
9955
9956
9957
9958
9959
996
9960
9961
9962
9963
9965
9966
9967
9968
9969
997
9971
9972
9973
9974
9976
9977
9978
9979
998
9980
9981
9982
9983
9984
9985
9986
9987
9988
9989
999
9990
9991
9992
9993
9995
9997
9998
9999
